-6.381671130657196045e-02 5.064353346824645996e-02 2.893986999988555908e-01 -2.023213952779769897e-01
-9.034645557403564453e-02 -2.020578980445861816e-01 -1.364971399307250977e-01 -1.533839106559753418e-01
-1.707814633846282959e-01 2.739957571029663086e-01 -4.672238230705261230e-02 2.145599722862243652e-01
2.028405964374542236e-01 3.781734704971313477e-01 5.044667422771453857e-02 -3.207330778241157532e-02
4.342612028121948242e-01 -4.290916770696640015e-02 2.086954377591609955e-02 -2.181844785809516907e-02
1.104419529438018799e-01 -1.893152743577957153e-01 1.779471784830093384e-01 9.916466474533081055e-02
-2.569037079811096191e-01 -1.017051339149475098e-01 1.215173900127410889e-01 7.691588252782821655e-02
1.111369505524635315e-01 6.699016690254211426e-02 -1.665388494729995728e-01 -6.880661100149154663e-02
-2.555519938468933105e-01 1.052526012063026428e-01 -7.936020195484161377e-02 -1.425524652004241943e-01
3.269089793320745230e-04 -2.514726817607879639e-01 -1.511740088462829590e-01 1.165894940495491028e-01
