-7.248128298670053482e-03 -3.744200170040130615e-01 -6.816234439611434937e-02 9.945285320281982422e-02
6.483548879623413086e-02 3.642641305923461914e-01 1.477704662829637527e-02 -5.755577236413955688e-02
9.535805881023406982e-02 1.026089861989021301e-01 -1.472589075565338135e-01 7.239173352718353271e-02
-1.967491582036018372e-03 2.465253621339797974e-01 -1.433596014976501465e-01 -1.248250305652618408e-01
2.866683900356292725e-01 -2.717596851289272308e-02 -8.113691210746765137e-02 -2.124377153813838959e-02
-1.171288266777992249e-01 -1.761030852794647217e-01 -1.602434664964675903e-01 -8.776373416185379028e-02
-3.424762189388275146e-01 -5.758758561569266021e-05 -1.445613354444503784e-01 -2.858916819095611572e-01
-2.247871309518814087e-01 -5.889453366398811340e-02 -1.668526828289031982e-01 -1.509466767311096191e-01
-1.581837683916091919e-01 -1.185215339064598083e-01 2.325781621038913727e-02 -2.738629579544067383e-01
5.939095839858055115e-02 -3.081905283033847809e-02 9.692666679620742798e-02 3.756223246455192566e-02
-1.668235957622528076e-01 4.470243677496910095e-02 -2.329719439148902893e-02 -3.063406050205230713e-01
3.220622539520263672e-01 4.269161261618137360e-03 -1.172245740890502930e-01 -1.806289702653884888e-01
-9.320555627346038818e-02 -9.172409772872924805e-02 -3.290506824851036072e-02 -3.654614984989166260e-01
-2.609040820971131325e-03 -5.218308046460151672e-02 -2.931706309318542480e-01 2.831752598285675049e-01
-2.214060723781585693e-01 2.463179379701614380e-01 1.098950505256652832e-01 7.921479642391204834e-02
6.523279845714569092e-02 1.554260216653347015e-02 -3.163510933518409729e-02 -2.526713721454143524e-02
-3.162457421422004700e-02 -1.770158410072326660e-01 1.850803792476654053e-01 1.436837762594223022e-02
5.696448087692260742e-01 -2.405153028666973114e-02 5.777981132268905640e-02 6.345815956592559814e-02
1.007789224386215210e-01 -2.659244239330291748e-01 6.276567280292510986e-02 1.283013522624969482e-01
-1.253710687160491943e-02 -1.539538055658340454e-01 3.144646584987640381e-01 5.754782259464263916e-02
-6.315871328115463257e-02 -3.082815408706665039e-01 -1.323466002941131592e-01 -2.914916574954986572e-01
-2.909157872200012207e-01 2.201852947473526001e-01 -1.028524488210678101e-01 -1.310406476259231567e-01
1.709558069705963135e-01 -4.416795819997787476e-02 -1.387017518281936646e-01 -8.090470917522907257e-03
9.289027005434036255e-02 -1.412097960710525513e-01 2.815301716327667236e-01 9.317752718925476074e-02
3.628184646368026733e-02 -3.282568231225013733e-02 -1.830191612243652344e-01 -2.175203990191221237e-03
3.109189569950103760e-01 -3.265086561441421509e-02 -1.929759085178375244e-01 -1.526850163936614990e-01
1.332850456237792969e-01 -3.143306970596313477e-01 1.202956661581993103e-01 -1.519509404897689819e-01
1.073708981275558472e-01 -2.704622149467468262e-01 -6.020041182637214661e-03 1.080235540866851807e-01
-3.981899470090866089e-02 -2.084722667932510376e-01 -1.165009066462516785e-01 6.221998482942581177e-02
-1.102332472801208496e-01 -3.584857285022735596e-01 -1.643625944852828979e-01 1.122109517455101013e-01
4.753237068653106689e-01 -7.518296688795089722e-02 1.179711967706680298e-01 -2.142630703747272491e-02
-4.769384860992431641e-02 5.756343901157379150e-02 -2.399884462356567383e-01 -1.145815476775169373e-01
2.266961932182312012e-01 -4.350427910685539246e-02 -1.685691475868225098e-01 -1.103016212582588196e-01
1.821490824222564697e-01 -1.549426764249801636e-01 8.887477219104766846e-02 1.244969740509986877e-01
-1.284245029091835022e-02 1.315089315176010132e-01 -1.723852902650833130e-01 -9.216506034135818481e-02
1.222426444292068481e-01 2.203889787197113037e-01 -2.079318612813949585e-01 -2.881702594459056854e-02
4.649609699845314026e-02 -1.847055703401565552e-01 -2.310571223497390747e-01 -1.386772841215133667e-01
4.680392518639564514e-02 2.316637784242630005e-01 -1.483149528503417969e-01 -1.116317510604858398e-01
-3.795206248760223389e-01 -1.949843764305114746e-02 -5.918930470943450928e-02 5.223227292299270630e-02
-6.355524063110351562e-02 -1.873595565557479858e-01 2.786382138729095459e-01 -1.303783208131790161e-01
-1.621362268924713135e-01 -1.218836829066276550e-01 -2.385019212961196899e-01 -2.147034406661987305e-01
1.056797131896018982e-01 -2.451146245002746582e-01 1.436952352523803711e-01 1.061115413904190063e-01
-1.807414144277572632e-01 -1.202956307679414749e-02 1.778913140296936035e-01 -3.328699171543121338e-01
-8.848486840724945068e-02 -3.020815551280975342e-01 -2.470823228359222412e-01 -1.247155070304870605e-01
-2.321788072586059570e-01 -1.521236598491668701e-01 -3.023789823055267334e-02 2.018683701753616333e-01
4.758004844188690186e-01 5.873156338930130005e-02 1.530812680721282959e-02 9.605910629034042358e-02
3.576773107051849365e-01 -5.732310563325881958e-02 -3.550178604200482368e-03 2.223243266344070435e-01
5.478090047836303711e-02 -3.749149665236473083e-02 2.268034517765045166e-01 -1.207897439599037170e-01
-2.899921126663684845e-02 -3.491640090942382812e-01 -3.008073270320892334e-01 9.109599143266677856e-02
-1.114394590258598328e-01 1.365265846252441406e-01 2.429844439029693604e-02 -1.643509254790842533e-03
2.973306179046630859e-01 5.898483842611312866e-02 2.657382190227508545e-01 2.099423110485076904e-01
1.157873868942260742e-01 -2.720255590975284576e-02 -1.024815440177917480e-01 -1.187116280198097229e-01
5.524254590272903442e-02 -1.127253398299217224e-01 -2.304436117410659790e-01 -2.480822056531906128e-01
8.672511577606201172e-02 -5.305588990449905396e-02 3.195613324642181396e-01 7.344523072242736816e-02
-3.257096707820892334e-01 1.612967848777770996e-01 -7.285055518150329590e-02 -1.736684441566467285e-01
-2.767973244190216064e-01 3.259408101439476013e-02 -1.711120456457138062e-01 -2.849895954132080078e-01
2.736909687519073486e-01 1.655386239290237427e-01 -1.450729370117187500e-01 -6.735559552907943726e-02
2.958083450794219971e-01 -1.601888388395309448e-01 2.071655541658401489e-01 8.550092577934265137e-02
1.744512282311916351e-02 -2.816246747970581055e-01 1.120282337069511414e-01 1.458093374967575073e-01
1.491255462169647217e-01 -4.027537703514099121e-01 -5.129089206457138062e-02 -1.225898228585720062e-02
4.021700322628021240e-01 -4.856445267796516418e-02 1.100172698497772217e-01 3.574567288160324097e-02
-3.428001701831817627e-01 -2.353216707706451416e-01 -1.513719111680984497e-01 -2.618557214736938477e-01
-2.546529769897460938e-01 -3.466914594173431396e-02 1.601302921772003174e-01 1.946280598640441895e-01
-6.185724213719367981e-02 -1.451650261878967285e-01 -2.486678957939147949e-01 -2.689830064773559570e-01
9.784275293350219727e-02 1.525030732154846191e-01 1.446644018869847059e-04 -1.738054305315017700e-02
-2.443537563085556030e-01 -1.573379784822463989e-01 8.982972800731658936e-02 1.763042509555816650e-01
2.396897077560424805e-01 3.890560939908027649e-02 -1.060348674654960632e-01 -1.970462501049041748e-01
-3.066097795963287354e-01 3.109766729176044464e-02 1.258311443962156773e-03 3.193989768624305725e-02
-1.598011702299118042e-01 1.499047130346298218e-01 -6.854306906461715698e-02 1.043668836355209351e-01
3.426060378551483154e-01 -3.025086410343647003e-02 -1.722399890422821045e-02 -7.628227770328521729e-02
-1.822084486484527588e-01 1.316697616130113602e-02 1.095394641160964966e-01 2.607094645500183105e-01
-2.592630982398986816e-01 9.229380637407302856e-02 -1.626061797142028809e-01 -1.697783023118972778e-01
2.686462104320526123e-01 -2.260331362485885620e-01 9.479355067014694214e-02 -2.832364290952682495e-02
3.627469837665557861e-01 2.183163724839687347e-02 -4.317330569028854370e-02 2.321832925081253052e-01
2.421920150518417358e-01 -1.239781230688095093e-01 -1.360118985176086426e-01 -1.219824552536010742e-01
8.761505782604217529e-02 -3.706259429454803467e-01 -1.427157819271087646e-01 -4.298296198248863220e-02
-3.813687562942504883e-01 8.390828222036361694e-02 -6.370010972023010254e-02 -4.814023897051811218e-02
-1.149742119014263153e-02 -2.648808062076568604e-01 -2.380146980285644531e-01 4.288860037922859192e-02
-5.538048595190048218e-02 2.477136999368667603e-01 -9.388133883476257324e-03 1.054924577474594116e-01
2.353100664913654327e-02 5.673499032855033875e-02 -4.877135157585144043e-02 -2.025343477725982666e-01
6.164474412798881531e-03 -7.039694115519523621e-03 -2.364723831415176392e-01 -5.261945724487304688e-02
-1.058863699436187744e-01 2.421928346157073975e-01 -1.082685589790344238e-01 -9.760295599699020386e-02
6.001817807555198669e-02 -6.293855607509613037e-02 -1.338102221488952637e-01 8.041282743215560913e-02
-2.395385503768920898e-01 -1.818484514951705933e-01 -1.024307459592819214e-01 2.321819663047790527e-01
2.001946270465850830e-01 -5.549385026097297668e-02 -1.852816194295883179e-01 8.892554789781570435e-03
-6.383922696113586426e-02 3.684065863490104675e-02 -2.252932935953140259e-01 -1.732104420661926270e-01
-5.304041504859924316e-02 -3.275369107723236084e-01 -1.374487727880477905e-01 -2.392073422670364380e-01
2.493798136711120605e-01 1.658817380666732788e-01 -1.536139994859695435e-01 2.335712546482682228e-03
2.605184912681579590e-01 -1.742642819881439209e-01 1.716440729796886444e-02 1.826172620058059692e-01
5.975490901619195938e-03 -1.341914236545562744e-01 -9.541518986225128174e-02 -2.704461663961410522e-02
-4.416401386260986328e-01 -9.825321286916732788e-02 4.238389432430267334e-02 -9.885258041322231293e-03
2.544200420379638672e-01 -2.409547120332717896e-01 2.210561744868755341e-02 1.444252431392669678e-01
-1.940106898546218872e-01 -9.269749373197555542e-02 1.282135397195816040e-01 1.608233153820037842e-02
3.696818277239799500e-02 1.864799410104751587e-01 2.331222873181104660e-03 3.083247840404510498e-01
4.649369120597839355e-01 -2.782549262046813965e-01 8.709670603275299072e-02 1.425157785415649414e-01
1.617871783673763275e-02 1.017440482974052429e-01 -6.717133522033691406e-02 6.186124309897422791e-02
3.243597745895385742e-01 1.335383206605911255e-01 4.135318100452423096e-02 -9.395510703325271606e-02
2.504927217960357666e-01 4.566255956888198853e-02 3.422392904758453369e-01 2.461873143911361694e-01
1.206213682889938354e-01 -3.240229189395904541e-01 -2.568225376307964325e-02 7.248005270957946777e-02
-2.975622117519378662e-01 1.748935133218765259e-01 1.638653874397277832e-01 2.594226002693176270e-01
3.695933520793914795e-01 -2.371353805065155029e-01 4.478649795055389404e-02 7.775776321068406105e-04
-1.332604140043258667e-01 -3.293607234954833984e-01 -1.210305392742156982e-01 -3.346623480319976807e-01
-3.850541114807128906e-01 3.373722434043884277e-01 3.536894172430038452e-02 -2.046985477209091187e-01
9.552502632141113281e-02 -1.446753144264221191e-01 1.822791844606399536e-01 1.989000588655471802e-01
3.264737129211425781e-01 -2.689183950424194336e-01 1.014312133193016052e-01 1.304442584514617920e-01
-4.521326348185539246e-02 -9.437281638383865356e-02 -2.613525837659835815e-02 -1.077296733856201172e-01
-7.639641314744949341e-02 5.537554621696472168e-02 -1.596419513225555420e-01 -1.143955141305923462e-01
-1.259216815233230591e-01 -8.179724216461181641e-02 -1.921542286872863770e-01 -2.630868554115295410e-01
1.139137744903564453e-01 3.147785067558288574e-01 -5.829060915857553482e-03 1.270626783370971680e-01
-1.855767369270324707e-01 -3.140346705913543701e-02 -1.691265255212783813e-01 -1.342088282108306885e-01
-3.188256174325942993e-02 -3.415832817554473877e-01 -1.225146502256393433e-01 -9.658169001340866089e-02
-3.688572719693183899e-02 -4.827133566141128540e-02 -9.366045147180557251e-02 -1.080001443624496460e-01
1.011231318116188049e-01 3.333035111427307129e-02 2.697490155696868896e-02 -1.322032809257507324e-01
-2.247707694768905640e-01 8.605648763477802277e-03 -1.576922833919525146e-01 -1.108487099409103394e-01
2.059279233217239380e-01 -2.342047095298767090e-01 1.729440242052078247e-01 -1.677067577838897705e-01
7.373521476984024048e-02 -4.319249987602233887e-01 -1.051208376884460449e-01 -7.456111162900924683e-02
-1.524522453546524048e-01 -3.760285675525665283e-01 -4.546380043029785156e-02 -6.404217332601547241e-02
-1.957895159721374512e-01 2.522835135459899902e-01 7.082404196262359619e-02 3.626402933150529861e-03
-2.093037217855453491e-02 1.010467261075973511e-01 -2.551603615283966064e-01 6.185941770672798157e-02
2.458528131246566772e-01 4.345666468143463135e-01 1.472519058734178543e-02 -7.239927351474761963e-02
-1.665051281452178955e-01 -3.560704365372657776e-02 5.450829118490219116e-02 5.659870803356170654e-02
3.406102061271667480e-01 -1.841638684272766113e-01 -6.961751729249954224e-02 -1.327366083860397339e-01
-2.019610553979873657e-01 -1.274714469909667969e-01 -9.051170945167541504e-02 8.519259095191955566e-02
1.340773999691009521e-01 -7.296612113714218140e-02 -2.565619349479675293e-01 -1.625428497791290283e-01
-3.593428134918212891e-01 -1.788792014122009277e-01 -1.154876723885536194e-01 -1.668708771467208862e-01
2.597599923610687256e-01 1.974939703941345215e-01 -1.491421908140182495e-01 -1.540116667747497559e-01
-1.261103316210210323e-03 8.886491507291793823e-02 -1.531360745429992676e-01 -7.353509962558746338e-02
-1.662422269582748413e-01 2.735480070114135742e-01 -1.172823086380958557e-01 -6.624018400907516479e-02
-1.843776553869247437e-01 -2.921912074089050293e-02 2.756859660148620605e-01 2.045561522245407104e-01
-1.073198914527893066e-01 -2.101237624883651733e-01 -2.851614058017730713e-01 -1.574605330824851990e-02
3.731853887438774109e-02 -1.242620423436164856e-01 8.294083923101425171e-02 -1.425682455301284790e-01
-2.030646661296486855e-03 -1.796154379844665527e-01 -2.115820050239562988e-01 5.888658761978149414e-02
1.925402730703353882e-01 1.553542017936706543e-01 -1.043605878949165344e-01 -6.909709423780441284e-02
4.944397881627082825e-02 3.327729552984237671e-02 -2.312241047620773315e-01 -1.500061005353927612e-01
-2.954694330692291260e-01 -4.092913493514060974e-02 -1.006151437759399414e-01 -5.463539436459541321e-02
2.470214962959289551e-01 -1.092101540416479111e-02 -1.871650516986846924e-01 8.188897371292114258e-02
-6.685005873441696167e-02 3.978396207094192505e-02 -1.339142471551895142e-01 -9.478534758090972900e-02
-2.476447671651840210e-01 -1.445770114660263062e-01 6.112277507781982422e-02 1.751951724290847778e-01
2.053893208503723145e-01 -1.371144354343414307e-01 5.428691953420639038e-02 1.229073405265808105e-01
2.595616877079010010e-01 2.632416784763336182e-02 -1.803761720657348633e-01 -9.536536037921905518e-02
2.297173067927360535e-02 1.782912164926528931e-01 -2.089575976133346558e-01 -1.344399750232696533e-01
-1.428750008344650269e-01 9.483424574136734009e-02 -1.239191275089979172e-02 1.530420873314142227e-02
-8.459019660949707031e-02 5.548161640763282776e-02 -1.983568668365478516e-01 -5.998148024082183838e-02
-4.333746433258056641e-02 1.463739573955535889e-01 2.236866354942321777e-01 -2.288498580455780029e-01
-3.961570262908935547e-01 -1.154316309839487076e-02 3.664759173989295959e-02 -6.556732114404439926e-03
4.588472843170166016e-01 -1.927542500197887421e-02 2.858959883451461792e-02 4.114141338504850864e-04
-5.901638069190084934e-04 -9.439636766910552979e-02 5.576951801776885986e-02 2.272271960973739624e-01
-2.388865798711776733e-01 1.307770460844039917e-01 3.003639355301856995e-02 -1.639766693115234375e-01
2.109454274177551270e-01 -9.713526815176010132e-02 -6.882294267416000366e-02 1.446381062269210815e-01
4.477667436003684998e-02 -1.746181249618530273e-01 -2.375447750091552734e-01 -1.480590254068374634e-01
8.776491135358810425e-02 1.791376620531082153e-01 -1.878049522638320923e-01 -5.712227895855903625e-02
2.597178816795349121e-01 -1.177195608615875244e-01 2.085922658443450928e-01 1.609377562999725342e-01
-8.513399213552474976e-02 -2.455192208290100098e-01 -1.358315795660018921e-01 -1.113386303186416626e-01
-3.172138035297393799e-01 4.131216928362846375e-02 3.569013997912406921e-02 -2.727755308151245117e-01
-1.269830465316772461e-01 1.359508186578750610e-01 -9.656986594200134277e-02 -2.551685571670532227e-01
-1.029173955321311951e-01 -1.092091351747512817e-01 2.942575216293334961e-01 2.125615924596786499e-01
-1.854844689369201660e-01 -1.565530449151992798e-01 -1.942203491926193237e-01 -2.813301980495452881e-01
1.949583739042282104e-01 -1.943708211183547974e-01 -2.007515281438827515e-01 -1.262877732515335083e-01
8.214841037988662720e-02 -2.322411686182022095e-01 -1.393596976995468140e-01 1.962432116270065308e-01
-2.775590121746063232e-01 -4.282394424080848694e-03 2.501739934086799622e-02 -2.058425098657608032e-01
-7.902383804321289062e-02 1.655844002962112427e-01 8.988209813833236694e-02 -4.483090639114379883e-01
-1.767102628946304321e-01 -4.100458621978759766e-01 -2.235752195119857788e-01 8.762305229902267456e-02
-1.574500054121017456e-01 1.163810268044471741e-01 -1.906319521367549896e-02 -1.519070714712142944e-01
4.070018231868743896e-02 2.921543642878532410e-02 7.616080343723297119e-02 3.364190459251403809e-02
1.204389482736587524e-01 -8.349346928298473358e-03 8.458885550498962402e-02 1.868248283863067627e-01
2.222415059804916382e-01 -3.635676503181457520e-01 -1.962205916643142700e-01 1.140488497912883759e-02
2.397007942199707031e-01 -1.831043064594268799e-01 8.549299836158752441e-02 2.029575854539871216e-01
-2.879587709903717041e-01 1.170304939150810242e-01 -1.637276411056518555e-01 -2.498574554920196533e-01
4.894891008734703064e-02 3.396242111921310425e-02 -2.296931743621826172e-01 6.877820938825607300e-02
-2.111295759677886963e-01 3.753568530082702637e-01 -7.281910628080368042e-02 4.708533361554145813e-02
-1.622319221496582031e-01 -2.061482667922973633e-01 1.392790526151657104e-01 1.323243677616119385e-01
1.286705434322357178e-01 -2.245136201381683350e-01 -2.136247903108596802e-01 -1.315957158803939819e-01
-6.097388640046119690e-02 -1.847710311412811279e-01 3.013362884521484375e-01 1.640545129776000977e-01
7.695110142230987549e-02 1.967584490776062012e-01 -2.122097909450531006e-01 2.814322523772716522e-02
3.770459890365600586e-01 -1.625517904758453369e-01 4.879046604037284851e-02 1.727292090654373169e-01
4.404538776725530624e-03 7.264839112758636475e-02 -2.116803228855133057e-01 -1.398631185293197632e-01
8.827455341815948486e-03 -3.792411983013153076e-01 -1.197149381041526794e-01 1.383065879344940186e-01
-2.421742677688598633e-01 1.197742391377687454e-02 -2.041392028331756592e-01 -2.244416177272796631e-01
1.934092193841934204e-01 -2.925468683242797852e-01 1.395788490772247314e-01 -3.071697615087032318e-02
-1.408207882195711136e-02 -2.281348854303359985e-01 8.020520210266113281e-02 -1.768254786729812622e-01
-2.267292290925979614e-01 -1.832526922225952148e-01 2.436223477125167847e-01 3.928686305880546570e-02
1.319667100906372070e-01 2.228140980005264282e-01 -1.535190790891647339e-01 -3.766924142837524414e-02
7.248816639184951782e-02 -2.367213517427444458e-01 -1.145727410912513733e-01 1.388689577579498291e-01
-1.939889192581176758e-01 1.193525567650794983e-01 3.166044652462005615e-01 8.680419623851776123e-02
1.185563728213310242e-01 -1.932375133037567139e-01 1.609570235013961792e-01 2.289277128875255585e-02
1.544128805398941040e-01 -3.594828248023986816e-01 -1.678851842880249023e-01 9.789765626192092896e-02
-1.451530903577804565e-01 -1.685081124305725098e-01 -1.872301995754241943e-01 -1.900548189878463745e-01
-3.478591740131378174e-01 -2.433287054300308228e-01 -2.130502164363861084e-01 -2.061480283737182617e-01
-9.770733863115310669e-02 5.490497872233390808e-02 -1.983776539564132690e-01 -1.397200822830200195e-01
-3.564645648002624512e-01 4.684606939554214478e-02 -1.654369086027145386e-01 -8.054479956626892090e-02
-2.141564190387725830e-01 -1.251092255115509033e-01 8.539066649973392487e-03 2.126417458057403564e-01
-4.155262932181358337e-02 1.257969588041305542e-01 -2.577147185802459717e-01 -9.926600754261016846e-02
1.067204922437667847e-01 -1.828041374683380127e-01 -2.473467588424682617e-01 -9.232421219348907471e-02
3.124333918094635010e-02 4.048585891723632812e-01 -5.173617601394653320e-02 4.836608655750751495e-03
-1.765826046466827393e-01 -1.065668687224388123e-01 -1.908303946256637573e-01 -1.068452671170234680e-01
-1.348331570625305176e-01 3.514864444732666016e-01 -4.067724198102951050e-02 2.845217846333980560e-02
7.838305085897445679e-02 1.149652823805809021e-01 -7.676960527896881104e-02 3.818953335285186768e-01
-1.975100487470626831e-01 4.147281125187873840e-02 -2.412340342998504639e-01 -4.719628393650054932e-02
-6.615938991308212280e-02 1.395351905375719070e-02 4.385703057050704956e-02 1.267127692699432373e-01
4.884184896945953369e-01 6.297625601291656494e-02 1.678100600838661194e-02 -1.298909187316894531e-01
-2.909414768218994141e-01 -7.620803266763687134e-02 -4.428484663367271423e-02 1.083775162696838379e-01
1.267487704753875732e-01 -1.957489736378192902e-02 -2.282289415597915649e-01 -2.438724227249622345e-02
1.821521222591400146e-01 1.834374964237213135e-01 9.027312695980072021e-02 3.418072685599327087e-02
-3.179871290922164917e-02 -8.996802568435668945e-02 3.662743866443634033e-01 -2.032512566074728966e-03
1.123340874910354614e-01 1.528163813054561615e-02 1.980473399162292480e-01 -2.741600573062896729e-01
3.777357041835784912e-01 3.177602291107177734e-01 1.810797005891799927e-01 -6.378972530364990234e-02
-1.598047018051147461e-01 3.793303370475769043e-01 1.640941798686981201e-01 -4.743158072233200073e-02
-3.143049776554107666e-01 6.121088191866874695e-02 -2.547613978385925293e-01 3.864528834819793701e-01
-2.043388187885284424e-01 2.399293631315231323e-01 3.582478463649749756e-01 -1.635227948427200317e-01
-1.246888339519500732e-01 -4.610839858651161194e-02 3.226751685142517090e-01 -2.295872420072555542e-01
-1.712359637022018433e-01 7.903587073087692261e-02 1.844764798879623413e-01 -3.901261370629072189e-03
5.741694569587707520e-01 1.177622899413108826e-01 -4.726798087358474731e-02 -1.948161423206329346e-02
2.580171227455139160e-01 3.134149014949798584e-01 3.121825866401195526e-02 2.771426551043987274e-02
1.599594056606292725e-01 -3.652162253856658936e-01 1.061032712459564209e-01 1.001108586788177490e-01
-9.373136609792709351e-02 -1.404408663511276245e-01 4.224267303943634033e-01 9.038119763135910034e-02
6.096823886036872864e-02 -5.044926702976226807e-02 1.103082969784736633e-01 -3.140819966793060303e-01
-1.713908910751342773e-01 5.567196011543273926e-01 5.983677506446838379e-02 7.596442848443984985e-02
3.391904532909393311e-01 3.998554944992065430e-01 -8.183016628026962280e-02 -8.883260935544967651e-02
7.442176342010498047e-02 -1.543427631258964539e-02 -1.507594138383865356e-01 -1.925142854452133179e-01
5.733826160430908203e-01 -6.616321858018636703e-03 5.346207693219184875e-02 2.751434221863746643e-02
3.009799122810363770e-01 3.970636725425720215e-01 -5.856338515877723694e-02 -1.075221225619316101e-01
2.439641207456588745e-02 -1.356273889541625977e-01 3.294738829135894775e-01 3.883714973926544189e-02
-2.903544008731842041e-01 1.067372113466262817e-01 -9.060700237751007080e-02 -2.322596162557601929e-01
1.345974355936050415e-01 -9.716753661632537842e-02 -2.860475480556488037e-01 -8.703497797250747681e-02
-1.114283651113510132e-01 2.937533557415008545e-01 -1.475993543863296509e-01 4.216398298740386963e-01
1.824333667755126953e-01 2.898360192775726318e-01 5.396366491913795471e-02 -3.930790349841117859e-02
-1.583744585514068604e-01 -1.290325820446014404e-01 -2.564992308616638184e-01 2.630252540111541748e-01
3.596017658710479736e-01 5.082244873046875000e-01 -3.690410405397415161e-02 1.685788668692111969e-02
5.117948651313781738e-01 1.323793679475784302e-01 -1.009869724512100220e-01 -8.601213246583938599e-02
3.077076561748981476e-02 -2.934831082820892334e-01 2.850258946418762207e-01 -9.813034534454345703e-02
9.903442114591598511e-02 -2.773874402046203613e-01 4.022353887557983398e-02 1.526533812284469604e-01
-2.557497322559356689e-01 -7.652116473764181137e-03 2.162175178527832031e-01 5.663516744971275330e-02
-2.213817238807678223e-01 -2.398767769336700439e-01 2.034932225942611694e-01 7.997435331344604492e-02
5.628511905670166016e-01 -1.622605025768280029e-01 -5.477633699774742126e-02 -3.500279411673545837e-02
1.246577054262161255e-01 1.623000018298625946e-03 -2.091195881366729736e-01 -1.590922474861145020e-01
2.510249316692352295e-01 -1.963036134839057922e-02 -1.729128956794738770e-01 -1.065237671136856079e-01
1.202485114336013794e-01 -1.959310173988342285e-01 2.190254032611846924e-01 1.206935867667198181e-01
-2.191284596920013428e-01 2.712356150150299072e-01 -7.080966234207153320e-02 3.212842941284179688e-01
-1.064898520708084106e-01 4.325537756085395813e-02 -3.950355201959609985e-02 -5.001920089125633240e-02
6.407259404659271240e-02 2.207749336957931519e-01 -7.696050405502319336e-02 -1.397697627544403076e-01
6.793353706598281860e-02 -1.438174545764923096e-01 -2.668284177780151367e-01 -7.941662520170211792e-02
4.214968085289001465e-01 1.972634941339492798e-01 1.294861286878585815e-01 -1.328092813491821289e-01
4.513059556484222412e-01 1.107894033193588257e-01 4.265228286385536194e-02 -1.443792581558227539e-01
1.476751416921615601e-01 3.431519567966461182e-01 -1.599469482898712158e-01 -5.572762340307235718e-02
4.334541559219360352e-01 4.264146387577056885e-01 3.105195239186286926e-02 3.294695541262626648e-02
-2.860093712806701660e-01 -1.670007109642028809e-01 1.768775284290313721e-01 3.027584254741668701e-01
-3.839055895805358887e-01 3.611832261085510254e-01 -1.420484036207199097e-01 3.287135064601898193e-01
-6.660477072000503540e-02 -1.332793235778808594e-01 4.317740797996520996e-01 5.900245904922485352e-02
-2.219913452863693237e-01 2.916529309004545212e-03 -3.187407851219177246e-01 2.930151298642158508e-03
1.036922410130500793e-01 -2.208971381187438965e-01 -1.589448563754558563e-02 1.536973714828491211e-01
-3.057618141174316406e-01 -1.941550225019454956e-01 -4.530610144138336182e-02 -6.805334985256195068e-02
-3.059312701225280762e-01 -1.845318675041198730e-01 8.347150683403015137e-02 -1.763882189989089966e-01
-3.826452195644378662e-01 -1.287498921155929565e-01 -1.647483259439468384e-01 2.011136561632156372e-01
2.715590894222259521e-01 -8.367814123630523682e-02 -2.568014860153198242e-01 2.532504796981811523e-01
-2.404694408178329468e-01 3.973326683044433594e-01 -9.616219252347946167e-02 2.590133845806121826e-01
-5.191173404455184937e-02 5.339011549949645996e-01 2.222545444965362549e-01 -7.218402624130249023e-02
3.078330159187316895e-01 1.580997109413146973e-01 -1.010943353176116943e-01 9.277179487980902195e-04
5.497402697801589966e-02 -1.826215237379074097e-01 -4.389860481023788452e-02 7.882873713970184326e-02
-4.529908299446105957e-02 -1.479163914918899536e-01 2.496989071369171143e-01 -1.866253167390823364e-01
-1.710571944713592529e-01 -3.537890911102294922e-01 9.005979448556900024e-02 1.117052957415580750e-01
1.009001657366752625e-01 4.891915619373321533e-01 5.131847038865089417e-02 1.147261410951614380e-01
4.786186814308166504e-01 -2.435465008020401001e-01 -4.798293486237525940e-02 1.181346997618675232e-01
-1.306725591421127319e-01 2.966924905776977539e-01 -1.743696331977844238e-01 1.760985553264617920e-01
4.401664137840270996e-01 3.137182891368865967e-01 -1.082634925842285156e-01 1.458626892417669296e-02
2.138591855764389038e-01 1.127264052629470825e-01 2.158392965793609619e-02 -1.809464693069458008e-01
2.970141358673572540e-02 -1.150469630956649780e-01 3.915915191173553467e-01 2.341279946267604828e-02
-2.134351581335067749e-01 1.499374955892562866e-01 2.356020659208297729e-01 2.339022457599639893e-01
-7.045729085803031921e-03 2.434671521186828613e-01 -2.053638361394405365e-02 1.531364172697067261e-01
2.208365350961685181e-01 -5.305285751819610596e-02 -1.025242879986763000e-01 -2.684039175510406494e-01
3.370245099067687988e-01 -1.419681608676910400e-01 1.257785707712173462e-01 2.655485868453979492e-01
-8.720248937606811523e-02 -2.793220579624176025e-01 2.250962257385253906e-01 1.229263618588447571e-01
4.268258810043334961e-01 -1.978830695152282715e-01 -8.162831515073776245e-02 -5.641151219606399536e-03
3.551204502582550049e-01 -2.564173042774200439e-01 1.036074608564376831e-01 -3.131211549043655396e-02
-3.274469971656799316e-01 -2.411247640848159790e-01 -2.686330676078796387e-01 1.170402094721794128e-01
-1.148983016610145569e-01 -5.676680430769920349e-02 1.660438925027847290e-01 6.965997070074081421e-02
8.843836188316345215e-02 2.341692596673965454e-01 -2.434812039136886597e-01 3.394385874271392822e-01
4.410042613744735718e-02 1.386671420186758041e-02 3.372361958026885986e-01 -1.515706256031990051e-02
-2.258008867502212524e-01 -3.318448364734649658e-02 -5.100600048899650574e-02 1.551431715488433838e-01
2.246965318918228149e-01 4.931130707263946533e-01 8.807432651519775391e-02 -1.098049804568290710e-01
3.944541811943054199e-01 1.231770068407058716e-01 1.491791009902954102e-01 -1.012044548988342285e-01
2.320091575384140015e-01 2.580384016036987305e-01 -1.597136072814464569e-02 -2.276606624945998192e-03
-7.991442084312438965e-02 -2.126167267560958862e-01 1.350080817937850952e-01 2.974168956279754639e-02
-4.163767397403717041e-01 2.604934871196746826e-01 5.426186323165893555e-02 -1.467456370592117310e-01
-1.186786815524101257e-01 1.327089369297027588e-01 -6.748858094215393066e-02 2.420078366994857788e-01
-4.274603128433227539e-01 2.477224171161651611e-01 1.884483546018600464e-01 -1.964395791292190552e-01
1.073894351720809937e-01 -2.874486446380615234e-01 4.736453667283058167e-02 6.615292280912399292e-02
7.865078747272491455e-02 -1.941464990377426147e-01 2.742186747491359711e-02 2.836471498012542725e-01
-1.825802773237228394e-01 5.132065415382385254e-01 1.678924411535263062e-01 1.050100326538085938e-01
2.085337042808532715e-01 -2.212786078453063965e-01 9.906451404094696045e-02 1.752528846263885498e-01
-2.346319556236267090e-01 1.048281267285346985e-01 -1.799528449773788452e-01 4.873472154140472412e-01
-1.163581106811761856e-02 -2.184802442789077759e-01 5.673099309206008911e-02 1.872196793556213379e-01
-8.357661217451095581e-02 -2.776083648204803467e-01 9.108092635869979858e-02 -1.130843907594680786e-01
-3.931961953639984131e-01 2.626243233680725098e-01 1.336047053337097168e-01 8.407682925462722778e-02
-6.573313474655151367e-02 -9.919556230306625366e-02 -2.232372164726257324e-01 -1.113905161619186401e-01
1.897209733724594116e-01 4.718052446842193604e-01 7.110947370529174805e-02 6.947965826839208603e-03
5.799095630645751953e-01 1.221307218074798584e-01 1.310756206512451172e-01 -1.480074524879455566e-01
-3.747625052928924561e-01 -2.961311340332031250e-01 2.349248677492141724e-01 -3.421801701188087463e-02
-4.057448804378509521e-01 -3.135359287261962891e-01 -8.588262647390365601e-02 -1.776497960090637207e-01
-1.935962289571762085e-01 -1.210083719342947006e-02 3.046317100524902344e-01 -2.885215878486633301e-01
1.221645548939704895e-01 -4.757037386298179626e-02 2.063321918249130249e-01 -1.714169681072235107e-01
-2.839726209640502930e-01 -1.080559864640235901e-01 4.041089862585067749e-02 1.770577728748321533e-01
1.059770509600639343e-01 2.382311820983886719e-01 -2.222893238067626953e-01 4.341461062431335449e-01
-2.618570625782012939e-01 -1.420631706714630127e-01 -3.683158755302429199e-02 1.222889572381973267e-01
-2.716702520847320557e-01 -4.303254187107086182e-02 -2.571488022804260254e-01 -3.550794720649719238e-02
-1.523030251264572144e-01 1.454265415668487549e-01 -3.811608627438545227e-02 -2.539072930812835693e-01
1.957812905311584473e-01 -3.344502747058868408e-01 6.768077611923217773e-02 8.261604607105255127e-02
-1.665541231632232666e-01 -3.427185118198394775e-01 1.157710552215576172e-01 3.972791880369186401e-02
3.310032188892364502e-01 9.753273427486419678e-02 1.799844391644001007e-02 -4.981343075633049011e-02
-2.079136371612548828e-01 -1.126476004719734192e-01 3.368012607097625732e-01 5.954826250672340393e-02
-2.739948034286499023e-01 3.050278872251510620e-02 2.375495880842208862e-01 1.494567561894655228e-02
3.699338436126708984e-02 -2.382882386445999146e-01 2.124746292829513550e-01 9.254591912031173706e-02
-2.788790464401245117e-01 -8.791220188140869141e-02 3.213217258453369141e-01 -1.213586330413818359e-01
1.234700456261634827e-01 8.053902536630630493e-02 -1.643663197755813599e-01 3.663047552108764648e-01
4.650563597679138184e-01 -2.718926966190338135e-01 4.417913779616355896e-02 -6.728727370500564575e-03
2.026957273483276367e-01 -1.556799262762069702e-01 -1.987795829772949219e-01 -3.599939867854118347e-02
3.035559058189392090e-01 5.570751428604125977e-01 4.494697228074073792e-02 -8.974450081586837769e-02
4.951040446758270264e-02 -1.452172696590423584e-01 -2.892663478851318359e-01 -1.274356842041015625e-01
2.000932022929191589e-02 2.536592781543731689e-01 2.527179718017578125e-01 -1.858811676502227783e-01
4.633479192852973938e-02 -3.580138087272644043e-01 1.872845292091369629e-01 1.267623752355575562e-01
-1.948736459016799927e-01 3.375297188758850098e-01 -8.243159949779510498e-02 2.748198509216308594e-01
-2.475568950176239014e-01 1.504119765013456345e-02 -1.122158467769622803e-01 1.775211282074451447e-02
3.721126616001129150e-01 -2.739801406860351562e-01 1.047888770699501038e-01 -5.294752866029739380e-02
-1.226063221693038940e-01 -1.251267492771148682e-01 3.499911129474639893e-01 -3.762058019638061523e-01
-2.871873080730438232e-01 3.014632761478424072e-01 3.852810859680175781e-01 -1.670881211757659912e-01
6.101130694150924683e-02 -1.865553855895996094e-01 2.204656153917312622e-01 1.087518408894538879e-01
3.587717413902282715e-01 -2.883985340595245361e-01 1.412153095006942749e-01 1.489571928977966309e-01
-2.382997721433639526e-01 -1.589748114347457886e-01 -6.524863839149475098e-02 -5.624562129378318787e-02
-1.706442236900329590e-01 3.050474524497985840e-01 -4.639719054102897644e-02 5.772226024419069290e-03
-7.412833720445632935e-02 -1.326949298381805420e-01 2.667358815670013428e-01 -2.344604134559631348e-01
-3.284622728824615479e-01 2.471339851617813110e-01 -1.481661200523376465e-01 3.095162808895111084e-01
6.290298700332641602e-02 4.235771596431732178e-01 -1.179369911551475525e-01 2.107384353876113892e-01
-3.964881412684917450e-03 -1.384469568729400635e-01 -5.957371741533279419e-02 -1.174325346946716309e-01
-5.733788385987281799e-02 -1.905646771192550659e-01 -1.614011079072952271e-02 2.414130233228206635e-02
1.498616635799407959e-01 5.287877917289733887e-01 -4.896104335784912109e-02 5.634346231818199158e-02
7.868543267250061035e-02 3.255750536918640137e-01 -2.440274320542812347e-02 -6.058732420206069946e-02
-2.288691103458404541e-01 -3.240180909633636475e-01 -8.300758153200149536e-02 -1.138138100504875183e-01
1.986161619424819946e-01 2.506047785282135010e-01 1.305665075778961182e-01 -4.162703827023506165e-02
2.948241494596004486e-02 -9.159064292907714844e-02 -2.564484775066375732e-01 2.900387942790985107e-01
2.221788913011550903e-01 4.079274237155914307e-01 2.142697274684906006e-01 -5.382565781474113464e-02
1.112374886870384216e-01 -2.428316026926040649e-01 1.750082969665527344e-01 -6.781110912561416626e-02
-9.577543288469314575e-02 -3.072009980678558350e-01 8.465074747800827026e-02 -1.009612455964088440e-01
-6.861364841461181641e-02 -3.112903833389282227e-01 6.265012919902801514e-02 -6.329189240932464600e-02
-9.318858385086059570e-03 3.248906731605529785e-01 1.806931495666503906e-01 1.960538625717163086e-01
-1.092232316732406616e-01 2.498713284730911255e-01 9.052666276693344116e-02 -3.362849354743957520e-01
-1.317771226167678833e-01 1.057742536067962646e-01 -8.965813368558883667e-02 -2.670695781707763672e-01
1.230420991778373718e-01 2.939331829547882080e-01 -1.369460076093673706e-01 -2.246415317058563232e-01
-3.571260869503021240e-01 3.014676272869110107e-01 2.435844950377941132e-02 1.458035558462142944e-01
-3.039788901805877686e-01 -5.457555875182151794e-02 3.758197426795959473e-01 -4.823790490627288818e-02
4.285456538200378418e-01 -8.010207861661911011e-02 4.230945184826850891e-02 -2.091180533170700073e-01
-2.938876152038574219e-01 -2.838158905506134033e-01 1.112826392054557800e-01 -1.423447579145431519e-01
-1.518848240375518799e-01 -2.436484247446060181e-01 -3.120396137237548828e-01 6.412422657012939453e-02
4.916778206825256348e-01 1.567161642014980316e-02 3.733054921030998230e-02 -1.776669472455978394e-01
-4.348127245903015137e-01 -7.831814885139465332e-02 1.232923716306686401e-01 -1.131161749362945557e-01
2.295073419809341431e-01 1.701445132493972778e-01 -2.582025229930877686e-01 2.765315771102905273e-01
1.108334213495254517e-01 1.654039174318313599e-01 -2.945605814456939697e-01 2.656222581863403320e-01
1.307124644517898560e-01 4.591273665428161621e-01 2.092227935791015625e-01 -1.521501839160919189e-01
-3.376359939575195312e-01 2.039125263690948486e-01 -2.133551836013793945e-01 3.035238385200500488e-01
-4.094530269503593445e-02 6.015855446457862854e-02 3.036036789417266846e-01 2.113786786794662476e-01
-1.596570312976837158e-01 -9.549681842327117920e-02 3.444540500640869141e-02 9.880846738815307617e-02
2.371380776166915894e-01 1.966941170394420624e-02 3.470425605773925781e-01 -2.320256680250167847e-01
-2.880697250366210938e-01 -2.065952718257904053e-01 2.363846749067306519e-01 -8.976041525602340698e-02
-2.109728902578353882e-01 3.452155292034149170e-01 -1.448648869991302490e-01 1.446736454963684082e-01
1.371733248233795166e-01 3.177834749221801758e-01 1.587917506694793701e-01 -2.842155285179615021e-03
4.985184669494628906e-01 3.984702825546264648e-01 2.831946685910224915e-02 9.996494278311729431e-03
3.675875961780548096e-01 4.946028292179107666e-01 3.905143123120069504e-03 4.448299854993820190e-02
-9.467224031686782837e-02 -2.543665468692779541e-01 -7.373586762696504593e-03 8.607812225818634033e-02
-1.592022776603698730e-01 -2.433914318680763245e-02 2.126635760068893433e-01 5.678375065326690674e-02
-2.783846557140350342e-01 9.302851557731628418e-02 2.002269923686981201e-01 1.102991253137588501e-01
-1.011738181114196777e-01 -2.953252196311950684e-01 -3.179979324340820312e-01 -9.521062672138214111e-02
-1.793674677610397339e-01 -5.169260874390602112e-02 6.854424253106117249e-03 4.109817147254943848e-01
8.022458851337432861e-02 -2.444471418857574463e-01 2.673847675323486328e-01 1.157938130199909210e-02
3.701400458812713623e-01 -1.266589462757110596e-01 -1.672118008136749268e-01 1.448485068976879120e-02
-2.276387363672256470e-01 1.901905089616775513e-01 -8.223196864128112793e-02 -8.012123405933380127e-02
-1.677848398685455322e-01 2.328920215368270874e-01 2.428014017641544342e-02 2.861185073852539062e-01
-1.492468863725662231e-01 1.251962035894393921e-01 1.101438887417316437e-02 1.238755881786346436e-01
-2.121600359678268433e-01 2.629518806934356689e-01 1.623780876398086548e-01 2.577584385871887207e-01
-6.264193356037139893e-02 2.141130417585372925e-01 3.204267323017120361e-01 -2.606112957000732422e-01
5.070673227310180664e-01 -1.931285411119461060e-01 -8.295082300901412964e-02 -6.056466605514287949e-03
-1.634527593851089478e-01 -2.897878885269165039e-01 -3.102361038327217102e-02 1.387939602136611938e-01
-4.337807297706604004e-01 -5.693758372217416763e-03 2.166456878185272217e-01 -1.160710304975509644e-02
4.063608348369598389e-01 -7.984853535890579224e-02 -1.191660529002547264e-03 1.355825215578079224e-01
1.605016738176345825e-02 3.953120410442352295e-01 -6.473355926573276520e-03 -1.193016991019248962e-01
1.755467951297760010e-01 3.157378435134887695e-01 1.365098357200622559e-01 -3.443059697747230530e-02
1.455461382865905762e-01 -1.384113542735576630e-02 -3.296048939228057861e-01 1.183416917920112610e-01
1.793116033077239990e-01 2.873152843676507473e-04 -1.541514843702316284e-01 -1.613183319568634033e-01
2.522440850734710693e-01 -1.675987839698791504e-01 2.508698105812072754e-01 1.341730654239654541e-01
-1.212830320000648499e-01 -1.073778644204139709e-01 -2.052207142114639282e-01 -7.653018087148666382e-02
-2.081679850816726685e-01 2.950925529003143311e-01 9.208957664668560028e-03 7.010272145271301270e-02
1.538456827402114868e-01 5.197700262069702148e-01 2.022748738527297974e-01 -2.022298127412796021e-01
1.935994066298007965e-02 3.957791328430175781e-01 4.446118772029876709e-01 -2.119127511978149414e-01
1.047775745391845703e-01 9.894428402185440063e-02 -9.745009988546371460e-02 6.824526935815811157e-02
-1.967863291501998901e-01 1.726134568452835083e-01 2.912406325340270996e-01 -1.925568468868732452e-02
-1.847802847623825073e-02 -4.263297021389007568e-01 2.611282765865325928e-01 -9.744793176651000977e-02
-4.934462904930114746e-02 -2.121120095252990723e-01 7.023636996746063232e-02 1.158707812428474426e-01
-2.344988435506820679e-01 3.273119330406188965e-01 9.182923287153244019e-02 -2.568616271018981934e-01
-4.144017100334167480e-01 1.109430566430091858e-01 -1.943320631980895996e-01 3.632061928510665894e-02
-1.210983842611312866e-01 -1.255548745393753052e-01 -3.493323326110839844e-01 1.094659343361854553e-01
-1.102298498153686523e-02 5.534390732645988464e-02 -3.194364309310913086e-01 -9.902384877204895020e-02
-3.010604977607727051e-01 4.722815454006195068e-01 -3.929343074560165405e-02 7.841832190752029419e-02
5.208482220768928528e-02 1.426677107810974121e-01 1.371492296457290649e-01 1.115322634577751160e-01
2.261681407690048218e-01 -1.621947064995765686e-02 1.882242113351821899e-01 1.965576261281967163e-01
5.305173993110656738e-01 2.504849433898925781e-01 8.265385986305773258e-05 -1.112140417098999023e-01
9.237177670001983643e-02 -4.144958853721618652e-01 1.512009371072053909e-02 -2.246409803628921509e-01
2.320995628833770752e-01 -2.110984176397323608e-01 2.173753678798675537e-01 1.827309578657150269e-01
-4.530226588249206543e-01 -1.095579117536544800e-01 2.574069499969482422e-01 -2.216805517673492432e-01
2.919403612613677979e-01 2.819426953792572021e-01 6.926345825195312500e-02 -1.269376873970031738e-01
1.953942924737930298e-01 3.603987097740173340e-01 3.139289468526840210e-02 5.393506586551666260e-02
8.731552399694919586e-03 4.285182654857635498e-01 -6.206884607672691345e-02 1.444904953241348267e-01
4.447463750839233398e-01 8.561443537473678589e-02 6.856331974267959595e-02 -1.554313600063323975e-01
-2.124105989933013916e-01 -4.523371532559394836e-02 3.301169574260711670e-01 2.072968333959579468e-01
2.656375803053379059e-02 -2.111693918704986572e-01 1.070912703871726990e-01 1.318387240171432495e-01
-3.004549741744995117e-01 -3.289652168750762939e-01 9.821069426834583282e-03 -2.544538304209709167e-02
-1.913359314203262329e-01 4.015768170356750488e-01 -1.097378060221672058e-01 2.602477073669433594e-01
2.956370636820793152e-02 2.137820869684219360e-01 1.575952954590320587e-02 -2.058619260787963867e-01
4.062555432319641113e-01 -1.284363567829132080e-01 2.157769352197647095e-01 3.796881809830665588e-02
-3.973889946937561035e-01 2.764969468116760254e-01 7.490205764770507812e-02 -9.514929354190826416e-02
-1.326919943094253540e-01 -2.562803030014038086e-01 7.429368793964385986e-02 2.564406096935272217e-01
-2.186461836099624634e-01 -2.211386412382125854e-01 -3.030616641044616699e-01 -2.203223062679171562e-03
-4.002920687198638916e-01 1.016750633716583252e-01 -4.273143410682678223e-02 1.478513628244400024e-01
1.016298457980155945e-01 -2.959709763526916504e-01 2.542269527912139893e-01 1.575864502228796482e-03
-2.399168908596038818e-01 1.404686719179153442e-01 -1.680597811937332153e-01 3.340418934822082520e-01
-8.186248689889907837e-02 -2.295242100954055786e-01 2.978167831897735596e-01 1.435990072786808014e-02
-1.612273156642913818e-01 -1.755740344524383545e-01 3.467150926589965820e-01 1.102373450994491577e-01
6.121316552162170410e-02 -2.762909531593322754e-01 -2.392506003379821777e-01 3.493203222751617432e-01
1.764362864196300507e-02 -6.149431690573692322e-02 -1.561816036701202393e-01 -1.573099941015243530e-01
-1.802440434694290161e-01 4.916775971651077271e-02 4.440427124500274658e-01 -5.039244890213012695e-02
1.257926672697067261e-01 -1.997859627008438110e-01 2.147864997386932373e-01 2.164063453674316406e-01
-2.787123247981071472e-02 -4.714429080486297607e-01 -7.667960226535797119e-02 1.651004850864410400e-01
-3.733151555061340332e-01 3.004271090030670166e-01 -3.182306885719299316e-02 2.128757685422897339e-01
-2.181567698717117310e-01 2.325685471296310425e-01 -2.969047427177429199e-01 2.632992863655090332e-01
2.356619983911514282e-01 2.365278303623199463e-01 -1.829013079404830933e-01 1.293906718492507935e-01
-5.201383680105209351e-02 5.608685687184333801e-02 5.600733160972595215e-01 -1.585765331983566284e-01
-5.164883732795715332e-01 -1.816548705101013184e-01 -2.751630917191505432e-02 -1.064194440841674805e-01
-1.472995281219482422e-01 2.686348557472229004e-01 -1.753788739442825317e-01 3.205718100070953369e-01
6.128145754337310791e-02 3.560278713703155518e-01 2.043793499469757080e-01 -1.867100745439529419e-01
8.981092274188995361e-02 -7.439195364713668823e-02 -2.384752184152603149e-01 -2.037501782178878784e-01
9.656154364347457886e-02 2.450390905141830444e-01 -5.875477567315101624e-03 -7.100158929824829102e-02
-1.382049769163131714e-01 -9.070828557014465332e-02 -1.712535172700881958e-01 5.951858684420585632e-02
-1.572547852993011475e-01 4.501690864562988281e-01 1.538108661770820618e-02 3.087791800498962402e-01
-4.968084096908569336e-01 1.316805779933929443e-01 1.500518471002578735e-01 -1.482196897268295288e-01
-3.530851304531097412e-01 1.992363184690475464e-01 2.409897446632385254e-01 4.181776195764541626e-02
